function [rmse_mae_wape_mape] = plotsmape(params,daily , recovered, death, hospital , icu , isshow)
 
%%%%CanadaAv
dailyt = [2.96	3.65	4.49	5.59	6.9	8.61	10.63	12.94	16.29	21.16	27.8	36.63	49.37	63.47	83.29	103.51	133.1	172.71	219.22	268.98	327.35	387.94	461.16	534.78	604.73	674.37	757.43	842.39	931.88	1023	1102.27	1175.59	1246.45	1292.2	1328.18	1347.27	1339.45	1335.02	1331.29	1319.33	1316.16	1318.71	1331.41	1362.67	1406.31	1451.06	1506.59	1561.51	1607.8	1647.88	1682.69	1693.27	1698.27	1690.02	1671.8	1654.82	1641.73	1651.31	1663.61	1672.1	1682.14	1693.61	1697.73	1690.18	1624.82	1562.31	1502.94	1439.33	1375.63	1310.43	1252.73	1227.82	1205	1181.41	1162.29	1147.39	1141.02	1132.76	1123.43	1114.2	1105.63	1096.47	1083.24	1064.29	1040.04	1010.47	976.9	940.73	903.39	863.1	821.86	787.12	756.59	726.9	695.88	664.73	635.96	609.24	578.35	544.39	511	481.84	455.06	432.33	413.51	398.33	387.35	378.92	372.43	365.51	359.63	350.57	341.71	333.59	329.33	324.12	316.76	311.59	311.12	310.04	307.88	302.47	296.78	299.53	297.16	293.41	291.53	291.71	295.9	303.2	307.92	316.63	327.02	339.73	353.88	369.14	387.33	408.12	427.47	447.73	466.18	483.02	493.31	495.06	490.02	484.29	475.49	465	452.76	431.55	421.37	413.51	406.06	397.22	388.63	380.35	393.96	390.51	387.98	386.16	386.04	386.98	388.39	381.02	383.14	382.92	382.22	383.31	384.78	388.31	389.02	390.69	396.43	403.29	408.71	414.92	419.71	430.45	443.53	455.35	469.02	484.94	500.82	519.41	517.22	534.92	552.57	568.61	583.63	600.45	616.96	671.53	686.47	708.55	739.41	775.8	816.35	861.78	893.14	950.39	1002.49	1049.1	1095.22	1141.43	1192.16	1242.8	1292.55	1353.76	1419.35	1494	1573.65	1646.2	1723.2	1806.14	1874.71	1947.84	2014.27	2078.43	2143.12	2179.16	2203.57	2242.29	2265.69	2276.53	2275.76	2267.39	2300.59	2326.1	2340.65	2366.1	2399.57	2434.92	2479.1	2514.29	2563.06	2609	2649.33	2703.1	2762.57	2819.33	2845.33	2903.49	2973	3042.43	3114.8	3186.35	3274.53	3446.41	3569.96	3696.69	3869	4026.12	4195.14	4381.27	4483	4591.76	4698.04	4737.53	4776.14	4826.45	4831.51	4870.41	4922.35	4969.41	5054.61	5155.57	5243.14	5352.31	5458.86	5561.88	5683.39	5802.18	5907.43	6009.71	6114.39	6202.84	6295.55	6361.76	6415.41	6471.82	6508.98	6522.29	6540.37	6552.86	6568.08	6583.8	6588.59	6605.22	6635.84	6649.06	6651.43	6660.08	6658.92	6590.59	6543.94	6483.55	6389.29	6342.35	6299.53	6294.71	6425.88	6521.63	6641.02	6895	7081.67	7269.22	7420.88	7557.22	7723	7890.27	7940.86	7995.65	8010.27	8011.29	7911.16	7756.82	7562.73	7361.33	7146.04	6934.53	6706.02	6508.94	6317.9	6116.59	5934.02	5770.61	5598.41	5437.02	5267.41	5107.65	4961.2	4810.96	4650.27	4501.24	4358.04	4226.86	4093.94	3965.24	3841.86	3739.53	3655.96	3570.16	3480.18	3404.47	3327.73	3227.41	3153.88	3069.53	3006.31	2959.88	2911.9	2878	2922.08	2920.29	2935.43	2943.31	2954.33	2972.16	2990.9	2965.16	2960.8	2950.43	2939.31	2929.86	2912.33	2892.94	2895.92	2901.9	2917.14	2941.51	2964.35	3008.33	3070.65	3105.1	3137.31	3164.22	3199.39	3247.43	3292.22	3327.65	3395.31	3479.06	3573.57	3688.33	3805.94	3933.67	4076.51	4226.29	4385.98	4561.82	4717.76	4892.27	5098.27	5325.69	5525.96	5730.41	5938.12	6177.94	6429.82	6636.43	6824.57	7103.31	7376.22	7645.33	7902.18	8112.39	8323.04	8513.88	8601.37	8658.76	8681.73	8649.67	8603.49	8547.29	8468.84	8374.53	8281.98	8182.12	8103.04	8027.92	7959.96	7913.16	7896.59	7876.49	7861.2	7840.61	7818.27	7775.61	7720	7630.47	7521.51	7395.86	7249.98	7076.2	6887.76	6672.16	6446.96	6221.27	5980	5733.94	5499	5261.94	5031.12	4757.2	4528.84	4306.43	4073.69	3837.67	3610.76	3390.12	3277.94	3080.53	2906.08	2757.96	2616.73	2483.57	2357.08	2185.16	2072.84	1957.61	1844.65	1742.12	1648	1565.94	1496.14	1424.71	1360.18	1302	1247.82	1193.12	1134.59	1076.92	1024.1	971.18	918.24	865.69	815.51	771.49	735.41	703.24	674.65	647	628.43	611.94	594.98	573.9	549.65	528.78	518.31	509.8	504.41	501.67	500.27	500.61	497.51	487.76	467.86	448.31	429.88	414.45	402.47	392.33	388.41	396.33	405.12	413.39	430.92	449.71	479.39	512.59	547.43	584.43	623.82	638.55	682.78	721.71	765.02	814.96	866.67	923.57	1049.65	1127.02	1218.96	1314	1414.53	1518.45	1618.61	1688.06	1761.35	1849.2	1935.82	2015.49	2093.39	2176.45	2255.02	2382.24	2469.55	2556.04	2647.8	2740.67	2828.29	2929.35	3001.55	3094.82	3189.47	3275.98	3358.86	3446.63	3388.69	3459.24	3511.29	3553.06	3596.1	3640.71	3676.98	3986.86	4048.06	4126.35	4211.86	4296.96	4375.63	4454.41	4368.51	4392.27	4394.76	4391.47	4369.86	4347.1	4317.84	4311.8	4300.96	4307.65	4271.51	4272.43	4274.2	4279.16	4236.24	4185.63	4113.84	4100.88	4022.06	3942.8	3870.96	3684.27	3613.8	3533	3412.78	3316.08	3217.39	3106.92	3231.55	3145.98	3083.45	3033.8	2985.24	2928.76	2873.9	2675	2566.88	2497.35	2429.02	2370.33	2325.04	2286.08	2296.24	2328.53	2264.69	2249.41	2236.27	2226.55	2222.59	2260.8	2314.02	2439.98	2455.98	2500.67	2542.06	2661.18	2650.06	2610.35	2552.04	2583.84	2568.8	2559.78	2386.69	2389.41	2410.2	2464.08	2496.59	2552.45	2607.2	2748.96	2799.47	2845.1	2844.08	2847.9	2856.94	2870.2	2890.71	2932.24	2983.98	3060.02	3149.57	3255.82	3377.18	3501.98	3641.71	3796.9	3991.71	4223.94	4520.2	4863.55	5296.61	5874.55	6572.84	7409.33	8463.67	9728.73	11178.88	12716.41	14214.59	15826.43	17942.14	20087.82	22284.08	24560.1	26958.45	29595.65	32823.1	35165.53	37350.57	39260.39	40731.41	41707.57	42670.39	42008.76	41414.12	40429.67	39106.76	37636.39	36218.35	34145.65	32686.14	31136.1	29671.39	28298.73	27059.63	25829.24	24581.94	23370.61	22311.43	21299.67	20339.98	19410.94	18503.2	17796.53	17129.63	16456.53	15805.82	15200.82	14631	14111.84	13582.37	13101.49	12601.02	12123.06	11640.78	11169.63	10703.76	10291.55	9847.9	9443.08	9026.69	8676.22	8330.49	7999.1	7537.33	7196.35	6930.67	6719.08	6500.69	6281.98	6109.94	6251.84	6244.41	6179.55	6119.33	6069.27	6069.08	6016.57	5824.39	5740	5687.08	5641.33	5619.08	5579.73	5567.22	5533.8	5472.51	5419.73	5387.82	5263.04	5145.88	5035.59	5012.69	5116.69	5199.63	5300.92	5549.69	5822.8	6123	6335.71	6468.14	6698.69	6918.73	7139.76	7362.69	7587.55	7808.65	7773.22	7910.02	8049.67	8190.35	8306.31	8403.24	8609.92	9192.82	9327.41	9619.73	9579.37	9613.57	9546.27	9426.33	9117.84	8924.53	8395.8	8381.31	8178.73	8143.14	8046.88	7951.08	8012.12	8176.2	7986.9	7870.76	7626.76	7409.92	7211.55	6888.06	6591.65	6337.1	6189.76	6084.84	6107.94	6189.67	6230.8	6178.82	6037.22	5731.96];
